        Frequency / GHz                SZmax(1),Zmax(1)/abs,dB
----------------------------------------------------------------------
                    12.8                       -7.308834
                 12.8157                      -7.4423894
                 12.8314                      -7.5781682
                 12.8471                      -7.7162059
                 12.8628                      -7.8565393
                 12.8785                      -7.9992064
                 12.8942                      -8.1442463
                 12.9099                      -8.2916996
                 12.9256                      -8.4416081
                 12.9413                      -8.5940154
                  12.957                      -8.7489664
                 12.9727                      -8.9065078
                 12.9884                      -9.0666881
                 13.0041                      -9.2295578
                 13.0198                      -9.3951692
                 13.0355                       -9.563577
                 13.0512                      -9.7348379
                 13.0669                      -9.9090114
                 13.0826                      -10.086159
                 13.0983                      -10.266346
                  13.114                      -10.449638
                 13.1297                      -10.636107
                 13.1454                      -10.825827
                 13.1611                      -11.018873
                 13.1768                      -11.215327
                 13.1925                      -11.415274
                 13.2082                      -11.618801
                 13.2239                         -11.826
                 13.2396                       -12.03697
                 13.2553                      -12.251811
                  13.271                      -12.470631
                 13.2867                       -12.69354
                 13.3024                      -12.920655
                 13.3181                        -13.1521
                 13.3338                      -13.388002
                 13.3495                      -13.628496
                 13.3652                      -13.873722
                 13.3809                      -14.123827
                 13.3966                      -14.378964
                 13.4123                      -14.639293
                  13.428                      -14.904979
                 13.4437                      -15.176195
                 13.4594                      -15.453119
                 13.4751                      -15.735935
                 13.4908                      -16.024829
                 13.5065                      -16.319995
                 13.5222                      -16.621624
                 13.5379                       -16.92991
                 13.5536                      -17.245044
                 13.5693                      -17.567209
                  13.585                      -17.896577
                 13.6007                      -18.233304
                 13.6164                      -18.577519
                 13.6321                      -18.929316
                 13.6478                      -19.288739
                 13.6635                      -19.655768
                 13.6792                      -20.030294
                 13.6949                      -20.412098
                 13.7106                       -20.80081
                 13.7263                      -21.195876
                  13.742                      -21.596501
                 13.7577                       -22.00159
                 13.7734                      -22.409679
                 13.7891                       -22.81885
                 13.8048                      -23.226642
                 13.8205                      -23.629961
                 13.8362                      -24.024998
                 13.8519                      -24.407171
                 13.8676                       -24.77112
                 13.8833                      -25.110781
                  13.899                      -25.419571
                 13.9147                      -25.690703
                 13.9304                      -25.917646
                 13.9461                      -26.094675
                 13.9618                      -26.217456
                 13.9775                      -26.283542
                 13.9932                      -26.292677
                 14.0089                      -26.246826
                 14.0246                      -26.149928
                 14.0403                      -26.007437
                  14.056                      -25.825747
                 14.0717                       -25.61162
                 14.0874                      -25.371709
                 14.1031                      -25.112206
                 14.1188                      -24.838629
                 14.1345                      -24.555727
                 14.1502                      -24.267468
                 14.1659                      -23.977092
                 14.1816                      -23.687184
                 14.1973                      -23.399766
                  14.213                      -23.116389
                 14.2287                      -22.838213
                 14.2444                      -22.566086
                 14.2601                      -22.300602
                 14.2758                      -22.042159
                 14.2915                      -21.790999
                 14.3072                      -21.547242
                 14.3229                       -21.31092
                 14.3386                       -21.08199
                 14.3543                       -20.86036
                   14.37                      -20.645899
                 14.3857                      -20.438448
                 14.4014                      -20.237829
                 14.4171                      -20.043852
                 14.4328                      -19.856319
                 14.4485                      -19.675029
                 14.4642                       -19.49978
                 14.4799                      -19.330371
                 14.4956                      -19.166605
                 14.5113                       -19.00829
                  14.527                      -18.855238
                 14.5427                      -18.707268
                 14.5584                      -18.564204
                 14.5741                      -18.425877
                 14.5898                      -18.292125
                 14.6055                      -18.162792
                 14.6212                      -18.037729
                 14.6369                      -17.916793
                 14.6526                      -17.799847
                 14.6683                       -17.68676
                  14.684                      -17.577407
                 14.6997                      -17.471668
                 14.7154                       -17.36943
                 14.7311                      -17.270584
                 14.7468                      -17.175024
                 14.7625                      -17.082652
                 14.7782                      -16.993373
                 14.7939                      -16.907095
                 14.8096                      -16.823732
                 14.8253                      -16.743202
                  14.841                      -16.665425
                 14.8567                      -16.590324
                 14.8724                      -16.517829
                 14.8881                      -16.447869
                 14.9038                      -16.380379
                 14.9195                      -16.315294
                 14.9352                      -16.252555
                 14.9509                      -16.192103
                 14.9666                      -16.133883
                 14.9823                      -16.077841
                  14.998                      -16.023928
                 15.0137                      -15.972093
                 15.0294                       -15.92229
                 15.0451                      -15.874475
                 15.0608                      -15.828604
                 15.0765                      -15.784636
                 15.0922                      -15.742533
                 15.1079                      -15.702255
                 15.1236                      -15.663768
                 15.1393                      -15.627036
                  15.155                      -15.592025
                 15.1707                      -15.558705
                 15.1864                      -15.527044
                 15.2021                      -15.497013
                 15.2178                      -15.468584
                 15.2335                       -15.44173
                 15.2492                      -15.416425
                 15.2649                      -15.392645
                 15.2806                      -15.370365
                 15.2963                      -15.349563
                  15.312                      -15.330217
                 15.3277                      -15.312306
                 15.3434                       -15.29581
                 15.3591                      -15.280711
                 15.3748                      -15.266989
                 15.3905                      -15.254628
                 15.4062                       -15.24361
                 15.4219                       -15.23392
                 15.4376                      -15.225543
                 15.4533                      -15.218464
                  15.469                       -15.21267
                 15.4847                      -15.208146
                 15.5004                      -15.204881
                 15.5161                      -15.202863
                 15.5318                       -15.20208
                 15.5475                      -15.202523
                 15.5632                       -15.20418
                 15.5789                      -15.207043
                 15.5946                      -15.211102
                 15.6103                      -15.216349
                  15.626                      -15.222776
                 15.6417                      -15.230376
                 15.6574                      -15.239142
                 15.6731                      -15.249068
                 15.6888                      -15.260147
                 15.7045                      -15.272375
                 15.7202                      -15.285746
                 15.7359                      -15.300257
                 15.7516                      -15.315903
                 15.7673                       -15.33268
                  15.783                      -15.350587
                 15.7987                      -15.369619
                 15.8144                      -15.389775
                 15.8301                      -15.411054
                 15.8458                      -15.433453
                 15.8615                      -15.456973
                 15.8772                      -15.481612
                 15.8929                      -15.507371
                 15.9086                       -15.53425
                 15.9243                       -15.56225
                   15.94                      -15.591372
                 15.9557                      -15.621619
                 15.9714                      -15.652991
                 15.9871                      -15.685493
                 16.0028                      -15.719126
                 16.0185                      -15.753894
                 16.0342                      -15.789802
                 16.0499                      -15.826853
                 16.0656                      -15.865052
                 16.0813                      -15.904405
                  16.097                      -15.944917
                 16.1127                      -15.986595
                 16.1284                      -16.029444
                 16.1441                      -16.073473
                 16.1598                      -16.118688
                 16.1755                      -16.165097
                 16.1912                       -16.21271
                 16.2069                      -16.261535
                 16.2226                      -16.311582
                 16.2383                      -16.362861
                  16.254                      -16.415382
                 16.2697                      -16.469157
                 16.2854                      -16.524198
                 16.3011                      -16.580517
                 16.3168                      -16.638126
                 16.3325                       -16.69704
                 16.3482                      -16.757272
                 16.3639                      -16.818837
                 16.3796                      -16.881751
                 16.3953                       -16.94603
                  16.411                      -17.011691
                 16.4267                      -17.078751
                 16.4424                      -17.147229
                 16.4581                      -17.217143
                 16.4738                      -17.288514
                 16.4895                      -17.361362
                 16.5052                      -17.435708
                 16.5209                      -17.511576
                 16.5366                      -17.588989
                 16.5523                       -17.66797
                  16.568                      -17.748546
                 16.5837                      -17.830742
                 16.5994                      -17.914585
                 16.6151                      -18.000105
                 16.6308                       -18.08733
                 16.6465                      -18.176292
                 16.6622                      -18.267023
                 16.6779                      -18.359555
                 16.6936                      -18.453923
                 16.7093                      -18.550164
                  16.725                      -18.648315
                 16.7407                      -18.748414
                 16.7564                      -18.850503
                 16.7721                      -18.954624
                 16.7878                      -19.060819
                 16.8035                      -19.169136
                 16.8192                      -19.279622
                 16.8349                      -19.392326
                 16.8506                      -19.507299
                 16.8663                      -19.624596
                  16.882                      -19.744272
                 16.8977                      -19.866386
                 16.9134                      -19.990998
                 16.9291                      -20.118171
                 16.9448                      -20.247972
                 16.9605                      -20.380468
                 16.9762                       -20.51573
                 16.9919                      -20.653834
                 17.0076                      -20.794857
                 17.0233                      -20.938878
                  17.039                      -21.085983
                 17.0547                      -21.236258
                 17.0704                      -21.389794
                 17.0861                      -21.546686
                 17.1018                      -21.707032
                 17.1175                      -21.870933
                 17.1332                      -22.038496
                 17.1489                       -22.20983
                 17.1646                      -22.385049
                 17.1803                      -22.564269
                  17.196                      -22.747612
                 17.2117                      -22.935203
                 17.2274                      -23.127167
                 17.2431                      -23.323637
                 17.2588                      -23.524744
                 17.2745                      -23.730622
                 17.2902                      -23.941405
                 17.3059                      -24.157228
                 17.3216                      -24.378223
                 17.3373                      -24.604515
                  17.353                      -24.836225
                 17.3687                      -25.073464
                 17.3844                      -25.316326
                 17.4001                       -25.56489
                 17.4158                      -25.819207
                 17.4315                      -26.079294
                 17.4472                      -26.345128
                 17.4629                       -26.61663
                 17.4786                      -26.893654
                 17.4943                      -27.175965
                   17.51                      -27.463224
                 17.5257                      -27.754958
                 17.5414                      -28.050535
                 17.5571                      -28.349123
                 17.5728                      -28.649657
                 17.5885                      -28.950789
                 17.6042                      -29.250848
                 17.6199                      -29.547785
                 17.6356                      -29.839134
                 17.6513                      -30.121978
                  17.667                      -30.392932
                 17.6827                      -30.648166
                 17.6984                      -30.883456
                 17.7141                       -31.09431
                 17.7298                      -31.276138
                 17.7455                      -31.424501
                 17.7612                       -31.53539
                 17.7769                      -31.605543
                 17.7926                      -31.632718
                 17.8083                      -31.615906
                  17.824                      -31.555431
                 17.8397                      -31.452915
                 17.8554                      -31.311125
                 17.8711                      -31.133718
                 17.8868                      -30.924949
                 17.9025                      -30.689362
                 17.9182                      -30.431523
                 17.9339                      -30.155812
                 17.9496                      -29.866272
                 17.9653                      -29.566519
                  17.981                      -29.259712
                 17.9967                      -28.948544
                 18.0124                      -28.635272
                 18.0281                      -28.321756
                 18.0438                      -28.009503
                 18.0595                      -27.699716
                 18.0752                      -27.393341
                 18.0909                      -27.091106
                 18.1066                      -26.793561
                 18.1223                       -26.50111
                  18.138                      -26.214036
                 18.1537                      -25.932527
                 18.1694                      -25.656692
                 18.1851                      -25.386581
                 18.2008                      -25.122193
                 18.2165                      -24.863493
                 18.2322                      -24.610413
                 18.2479                      -24.362865
                 18.2636                      -24.120744
                 18.2793                      -23.883932
                  18.295                      -23.652304
                 18.3107                      -23.425727
                 18.3264                      -23.204069
                 18.3421                      -22.987191
                 18.3578                      -22.774958
                 18.3735                      -22.567235
                 18.3892                      -22.363889
                 18.4049                      -22.164787
                 18.4206                      -21.969803
                 18.4363                      -21.778811
                  18.452                       -21.59169
                 18.4677                      -21.408323
                 18.4834                      -21.228597
                 18.4991                        -21.0524
                 18.5148                      -20.879628
                 18.5305                      -20.710177
                 18.5462                       -20.54395
                 18.5619                      -20.380852
                 18.5776                       -20.22079
                 18.5933                      -20.063678
                  18.609                       -19.90943
                 18.6247                      -19.757966
                 18.6404                      -19.609207
                 18.6561                      -19.463077
                 18.6718                      -19.319506
                 18.6875                      -19.178422
                 18.7032                      -19.039759
                 18.7189                      -18.903452
                 18.7346                      -18.769441
                 18.7503                      -18.637664
                  18.766                      -18.508064
                 18.7817                      -18.380587
                 18.7974                      -18.255179
                 18.8131                      -18.131789
                 18.8288                      -18.010367
                 18.8445                      -17.890866
                 18.8602                      -17.773239
                 18.8759                      -17.657444
                 18.8916                      -17.543436
                 18.9073                      -17.431174
                  18.923                       -17.32062
                 18.9387                      -17.211734
                 18.9544                      -17.104479
                 18.9701                       -16.99882
                 18.9858                      -16.894723
                 19.0015                      -16.792152
                 19.0172                      -16.691077
                 19.0329                      -16.591465
                 19.0486                      -16.493287
                 19.0643                      -16.396514
                   19.08                      -16.301116
                 19.0957                      -16.207067
                 19.1114                       -16.11434
                 19.1271                      -16.022909
                 19.1428                      -15.932749
                 19.1585                      -15.843836
                 19.1742                      -15.756147
                 19.1899                      -15.669658
                 19.2056                      -15.584348
                 19.2213                      -15.500195
                  19.237                      -15.417179
                 19.2527                      -15.335279
                 19.2684                      -15.254475
                 19.2841                      -15.174749
                 19.2998                      -15.096083
                 19.3155                      -15.018457
                 19.3312                      -14.941855
                 19.3469                      -14.866259
                 19.3626                      -14.791654
                 19.3783                      -14.718022
                  19.394                      -14.645349
                 19.4097                      -14.573619
                 19.4254                      -14.502818
                 19.4411                       -14.43293
                 19.4568                      -14.363942
                 19.4725                      -14.295841
                 19.4882                      -14.228613
                 19.5039                      -14.162244
                 19.5196                      -14.096723
                 19.5353                      -14.032036
                  19.551                      -13.968173
                 19.5667                      -13.905121
                 19.5824                      -13.842869
                 19.5981                      -13.781405
                 19.6138                       -13.72072
                 19.6295                      -13.660801
                 19.6452                       -13.60164
                 19.6609                      -13.543225
                 19.6766                      -13.485548
                 19.6923                      -13.428598
                  19.708                      -13.372366
                 19.7237                      -13.316842
                 19.7394                      -13.262019
                 19.7551                      -13.207887
                 19.7708                      -13.154438
                 19.7865                      -13.101662
                 19.8022                      -13.049554
                 19.8179                      -12.998103
                 19.8336                      -12.947303
                 19.8493                      -12.897145
                  19.865                      -12.847624
                 19.8807                       -12.79873
                 19.8964                      -12.750457
                 19.9121                      -12.702799
                 19.9278                      -12.655748
                 19.9435                      -12.609298
                 19.9592                      -12.563442
                 19.9749                      -12.518175
                 19.9906                      -12.473488
                 20.0063                      -12.429378
                  20.022                      -12.385838
                 20.0377                      -12.342861
                 20.0534                      -12.300443
                 20.0691                      -12.258578
                 20.0848                       -12.21726
                 20.1005                      -12.176484
                 20.1162                      -12.136245
                 20.1319                      -12.096537
                 20.1476                      -12.057357
                 20.1633                      -12.018699
                  20.179                      -11.980557
                 20.1947                      -11.942929
                 20.2104                      -11.905808
                 20.2261                      -11.869191
                 20.2418                      -11.833074
                 20.2575                      -11.797451
                 20.2732                      -11.762319
                 20.2889                      -11.727674
                 20.3046                      -11.693512
                 20.3203                      -11.659829
                  20.336                      -11.626621
                 20.3517                      -11.593884
                 20.3674                      -11.561615
                 20.3831                       -11.52981
                 20.3988                      -11.498466
                 20.4145                      -11.467579
                 20.4302                      -11.437146
                 20.4459                      -11.407164
                 20.4616                       -11.37763
                 20.4773                       -11.34854
                  20.493                      -11.319891
                 20.5087                      -11.291681
                 20.5244                      -11.263907
                 20.5401                      -11.236566
                 20.5558                      -11.209655
                 20.5715                      -11.183171
                 20.5872                      -11.157112
                 20.6029                      -11.131475
                 20.6186                      -11.106258
                 20.6343                      -11.081459
                   20.65                      -11.057074
                 20.6657                      -11.033103
                 20.6814                      -11.009541
                 20.6971                      -10.986389
                 20.7128                      -10.963642
                 20.7285                      -10.941299
                 20.7442                      -10.919359
                 20.7599                      -10.897819
                 20.7756                      -10.876677
                 20.7913                      -10.855932
                  20.807                      -10.835582
                 20.8227                      -10.815625
                 20.8384                      -10.796059
                 20.8541                      -10.776883
                 20.8698                      -10.758095
                 20.8855                      -10.739694
                 20.9012                      -10.721678
                 20.9169                      -10.704046
                 20.9326                      -10.686796
                 20.9483                      -10.669928
                  20.964                       -10.65344
                 20.9797                      -10.637331
                 20.9954                      -10.621599
                 21.0111                      -10.606244
                 21.0268                      -10.591264
                 21.0425                      -10.576659
                 21.0582                      -10.562428
                 21.0739                      -10.548569
                 21.0896                      -10.535083
                 21.1053                      -10.521967
                  21.121                      -10.509222
                 21.1367                      -10.496846
                 21.1524                      -10.484839
                 21.1681                      -10.473201
                 21.1838                      -10.461931
                 21.1995                      -10.451027
                 21.2152                      -10.440491
                 21.2309                      -10.430321
                 21.2466                      -10.420517
                 21.2623                      -10.411079
                  21.278                      -10.402007
                 21.2937                        -10.3933
                 21.3094                      -10.384957
                 21.3251                       -10.37698
                 21.3408                      -10.369368
                 21.3565                       -10.36212
                 21.3722                      -10.355238
                 21.3879                       -10.34872
                 21.4036                      -10.342567
                 21.4193                      -10.336779
                  21.435                      -10.331357
                 21.4507                      -10.326301
                 21.4664                       -10.32161
                 21.4821                      -10.317286
                 21.4978                      -10.313328
                 21.5135                      -10.309738
                 21.5292                      -10.306515
                 21.5449                       -10.30366
                 21.5606                      -10.301174
                 21.5763                      -10.299058
                  21.592                      -10.297311
                 21.6077                      -10.295936
                 21.6234                      -10.294932
                 21.6391                        -10.2943
                 21.6548                      -10.294042
                 21.6705                      -10.294158
                 21.6862                       -10.29465
                 21.7019                      -10.295518
                 21.7176                      -10.296763
                 21.7333                      -10.298387
                  21.749                      -10.300391
                 21.7647                      -10.302777
                 21.7804                      -10.305544
                 21.7961                      -10.308696
                 21.8118                      -10.312232
                 21.8275                      -10.316156
                 21.8432                      -10.320468
                 21.8589                       -10.32517
                 21.8746                      -10.330263
                 21.8903                       -10.33575
                  21.906                      -10.341632
                 21.9217                      -10.347911
                 21.9374                      -10.354588
                 21.9531                      -10.361667
                 21.9688                      -10.369148
                 21.9845                      -10.377035
                 22.0002                      -10.385328
                 22.0159                      -10.394031
                 22.0316                      -10.403145
                 22.0473                      -10.412674
                  22.063                      -10.422619
                 22.0787                      -10.432983
                 22.0944                      -10.443768
                 22.1101                      -10.454977
                 22.1258                      -10.466614
                 22.1415                      -10.478679
                 22.1572                      -10.491178
                 22.1729                      -10.504111
                 22.1886                      -10.517483
                 22.2043                      -10.531297
                   22.22                      -10.545555
                 22.2357                      -10.560261
                 22.2514                      -10.575418
                 22.2671                       -10.59103
                 22.2828                        -10.6071
                 22.2985                      -10.623632
                 22.3142                      -10.640629
                 22.3299                      -10.658095
                 22.3456                      -10.676034
                 22.3613                       -10.69445
                  22.377                      -10.713347
                 22.3927                      -10.732729
                 22.4084                        -10.7526
                 22.4241                      -10.772964
                 22.4398                      -10.793827
                 22.4555                      -10.815192
                 22.4712                      -10.837064
                 22.4869                      -10.859449
                 22.5026                       -10.88235
                 22.5183                      -10.905772
                  22.534                      -10.929722
                 22.5497                      -10.954203
                 22.5654                      -10.979222
                 22.5811                      -11.004783
                 22.5968                      -11.030893
                 22.6125                      -11.057556
                 22.6282                      -11.084779
                 22.6439                      -11.112568
                 22.6596                      -11.140929
                 22.6753                      -11.169868
                  22.691                      -11.199391
                 22.7067                      -11.229504
                 22.7224                      -11.260216
                 22.7381                      -11.291531
                 22.7538                      -11.323458
                 22.7695                      -11.356003
                 22.7852                      -11.389173
                 22.8009                      -11.422977
                 22.8166                      -11.457421
                 22.8323                      -11.492514
                  22.848                      -11.528263
                 22.8637                      -11.564677
                 22.8794                      -11.601763
                 22.8951                      -11.639531
                 22.9108                      -11.677989
                 22.9265                      -11.717146
                 22.9422                      -11.757012
                 22.9579                      -11.797594
                 22.9736                      -11.838904
                 22.9893                      -11.880951
                  23.005                      -11.923744
                 23.0207                      -11.967295
                 23.0364                      -12.011614
                 23.0521                      -12.056711
                 23.0678                      -12.102597
                 23.0835                      -12.149284
                 23.0992                      -12.196783
                 23.1149                      -12.245107
                 23.1306                      -12.294266
                 23.1463                      -12.344274
                  23.162                      -12.395144
                 23.1777                      -12.446888
                 23.1934                       -12.49952
                 23.2091                      -12.553053
                 23.2248                      -12.607502
                 23.2405                      -12.662881
                 23.2562                      -12.719205
                 23.2719                      -12.776488
                 23.2876                      -12.834747
                 23.3033                      -12.893997
                  23.319                      -12.954255
                 23.3347                      -13.015537
                 23.3504                      -13.077861
                 23.3661                      -13.141245
                 23.3818                      -13.205706
                 23.3975                      -13.271264
                 23.4132                      -13.337937
                 23.4289                      -13.405745
                 23.4446                      -13.474709
                 23.4603                      -13.544848
                  23.476                      -13.616186
                 23.4917                      -13.688743
                 23.5074                      -13.762542
                 23.5231                      -13.837606
                 23.5388                       -13.91396
                 23.5545                      -13.991627
                 23.5702                      -14.070634
                 23.5859                      -14.151007
                 23.6016                      -14.232771
                 23.6173                      -14.315955
                  23.633                      -14.400588
                 23.6487                      -14.486698
                 23.6644                      -14.574316
                 23.6801                      -14.663473
                 23.6958                      -14.754201
                 23.7115                      -14.846534
                 23.7272                      -14.940504
                 23.7429                      -15.036149
                 23.7586                      -15.133504
                 23.7743                      -15.232606
                   23.79                      -15.333495
                 23.8057                      -15.436209
                 23.8214                      -15.540792
                 23.8371                      -15.647285
                 23.8528                      -15.755732
                 23.8685                      -15.866178
                 23.8842                      -15.978672
                 23.8999                      -16.093261
                 23.9156                      -16.209996
                 23.9313                      -16.328928
                  23.947                      -16.450112
                 23.9627                      -16.573602
                 23.9784                      -16.699457
                 23.9941                      -16.827734
                 24.0098                      -16.958496
                 24.0255                      -17.091807
                 24.0412                       -17.22773
                 24.0569                      -17.366334
                 24.0726                      -17.507689
                 24.0883                      -17.651867
                  24.104                      -17.798941
                 24.1197                      -17.948989
                 24.1354                       -18.10209
                 24.1511                      -18.258324
                 24.1668                      -18.417775
                 24.1825                       -18.58053
                 24.1982                      -18.746676
                 24.2139                      -18.916302
                 24.2296                      -19.089502
                 24.2453                      -19.266368
                  24.261                      -19.446995
                 24.2767                      -19.631479
                 24.2924                      -19.819916
                 24.3081                      -20.012403
                 24.3238                      -20.209035
                 24.3395                      -20.409905
                 24.3552                      -20.615105
                 24.3709                      -20.824721
                 24.3866                      -21.038834
                 24.4023                      -21.257515
                  24.418                      -21.480828
                 24.4337                       -21.70882
                 24.4494                      -21.941522
                 24.4651                      -22.178945
                 24.4808                       -22.42107
                 24.4965                      -22.667847
                 24.5122                      -22.919184
                 24.5279                      -23.174939
                 24.5436                      -23.434912
                 24.5593                      -23.698826
                  24.575                      -23.966321
                 24.5907                       -24.23693
                 24.6064                      -24.510065
                 24.6221                      -24.784993
                 24.6378                      -25.060815
                 24.6535                       -25.33644
                 24.6692                      -25.610562
                 24.6849                      -25.881633
                 24.7006                      -26.147848
                 24.7163                      -26.407129
                  24.732                      -26.657123
                 24.7477                      -26.895215
                 24.7634                      -27.118565
                 24.7791                      -27.324166
                 24.7948                      -27.508937
                 24.8105                      -27.669833
                 24.8262                      -27.803998
                 24.8419                      -27.908913
                 24.8576                       -27.98256
                 24.8733                      -28.023557
                  24.889                      -28.031262
                 24.9047                       -28.00582
                 24.9204                      -27.948155
                 24.9361                      -27.859902
                 24.9518                      -27.743287
                 24.9675                      -27.600981
                 24.9832                      -27.435945
                 24.9989                      -27.251269
                 25.0146                      -27.050043
                 25.0303                      -26.835244
                  25.046                      -26.609662
                 25.0617                      -26.375845
                 25.0774                      -26.136074
                 25.0931                      -25.892353
                 25.1088                      -25.646419
                 25.1245                      -25.399756
                 25.1402                      -25.153615
                 25.1559                       -24.90904
                 25.1716                      -24.666894
                 25.1873                      -24.427879
                  25.203                      -24.192563
                 25.2187                      -23.961396
                 25.2344                      -23.734733
                 25.2501                      -23.512846
                 25.2658                      -23.295939
                 25.2815                       -23.08416
                 25.2972                      -22.877609
                 25.3129                      -22.676352
                 25.3286                      -22.480423
                 25.3443                      -22.289828
                   25.36                       -22.10456
                 25.3757                       -21.92459
                 25.3914                      -21.749883
                 25.4071                       -21.58039
                 25.4228                      -21.416058
                 25.4385                      -21.256829
                 25.4542                      -21.102642
                 25.4699                      -20.953433
                 25.4856                      -20.809139
                 25.5013                      -20.669696
                  25.517                      -20.535042
                 25.5327                      -20.405116
                 25.5484                      -20.279858
                 25.5641                      -20.159212
                 25.5798                      -20.043124
                 25.5955                      -19.931543
                 25.6112                       -19.82442
                 25.6269                      -19.721711
                 25.6426                      -19.623375
                 25.6583                      -19.529374
                  25.674                      -19.439672
                 25.6897                       -19.35424
                 25.7054                      -19.273049
                 25.7211                      -19.196077
                 25.7368                      -19.123302
                 25.7525                      -19.054708
                 25.7682                      -18.990283
                 25.7839                      -18.930015
                 25.7996                        -18.8739
                 25.8153                      -18.821934
                  25.831                      -18.774118
                 25.8467                      -18.730457
                 25.8624                      -18.690958
                 25.8781                      -18.655631
                 25.8938                      -18.624492
                 25.9095                      -18.597556
                 25.9252                      -18.574845
                 25.9409                      -18.556381
                 25.9566                       -18.54219
                 25.9723                      -18.532302
                  25.988                      -18.526747
                 26.0037                      -18.525559
                 26.0194                      -18.528774
                 26.0351                      -18.536429
                 26.0508                      -18.548565
                 26.0665                      -18.565219
                 26.0822                      -18.586435
                 26.0979                      -18.612253
                 26.1136                      -18.642713
                 26.1293                      -18.677856
                  26.145                      -18.717719
                 26.1607                      -18.762335
                 26.1764                      -18.811736
                 26.1921                      -18.865946
                 26.2078                      -18.924982
                 26.2235                      -18.988852
                 26.2392                      -19.057552
                 26.2549                      -19.131066
                 26.2706                      -19.209357
                 26.2863                       -19.29237
                  26.302                      -19.380026
                 26.3177                      -19.472214
                 26.3334                      -19.568791
                 26.3491                       -19.66957
                 26.3648                      -19.774319
                 26.3805                      -19.882748
                 26.3962                      -19.994506
                 26.4119                      -20.109166
                 26.4276                      -20.226217
                 26.4433                      -20.345056
                  26.459                      -20.464973
                 26.4747                      -20.585143
                 26.4904                      -20.704616
                 26.5061                      -20.822308
                 26.5218                      -20.936994
                 26.5375                      -21.047312
                 26.5532                      -21.151763
                 26.5689                      -21.248723
                 26.5846                      -21.336466
                 26.6003                      -21.413193
                  26.616                      -21.477073
                 26.6317                      -21.526298
                 26.6474                      -21.559141
                 26.6631                      -21.574028
                 26.6788                      -21.569607
                 26.6945                      -21.544811
                 26.7102                       -21.49892
                 26.7259                      -21.431603
                 26.7416                      -21.342936
                 26.7573                      -21.233403
                  26.773                      -21.103877
                 26.7887                      -20.955573
                 26.8044                      -20.789992
                 26.8201                      -20.608853
                 26.8358                      -20.414026
                 26.8515                      -20.207456
                 26.8672                      -19.991109
                 26.8829                      -19.766914
                 26.8986                      -19.536722
                 26.9143                      -19.302276
                   26.93                      -19.065187
                 26.9457                      -18.826921
                 26.9614                      -18.588797
                 26.9771                      -18.351981
                 26.9928                      -18.117494
                 27.0085                      -17.886213
                 27.0242                      -17.658881
                 27.0399                      -17.436113
                 27.0556                      -17.218404
                 27.0713                      -17.006131
                  27.087                      -16.799562
                 27.1027                      -16.598858
                 27.1184                      -16.404073
                 27.1341                      -16.215154
                 27.1498                      -16.031942
                 27.1655                      -15.854168
                 27.1812                      -15.681447
                 27.1969                      -15.513275
                 27.2126                      -15.349025
                 27.2283                       -15.18794
                  27.244                      -15.029132
                 27.2597                      -14.871582
                 27.2754                      -14.714142
                 27.2911                      -14.555546
                 27.3068                      -14.394427
                 27.3225                      -14.229339
                 27.3382                      -14.058794
                 27.3539                      -13.881306
                 27.3696                      -13.695441
                 27.3853                      -13.499884
                  27.401                      -13.293495
                 27.4167                      -13.075377
                 27.4324                      -12.844932
                 27.4481                      -12.601905
                 27.4638                       -12.34641
                 27.4795                      -12.078941
                 27.4952                      -11.800352
                 27.5109                      -11.511827
                 27.5266                      -11.214818
                 27.5423                      -10.910991
                  27.558                      -10.602145
                 27.5737                      -10.290144
                 27.5894                       -9.976851
                 27.6051                      -9.6640656
                 27.6208                      -9.3534788
                 27.6365                      -9.0466355
                 27.6522                      -8.7449103
                 27.6679                      -8.4494936
                 27.6836                      -8.1613868
                 27.6993                       -7.881405
                  27.715                      -7.6101855
                 27.7307                      -7.3482001
                 27.7464                      -7.0957708
                 27.7621                      -6.8530855
                 27.7778                      -6.6202159
                 27.7935                      -6.3971341
                 27.8092                      -6.1837288
                 27.8249                      -5.9798199
                 27.8406                      -5.7851729
                 27.8563                      -5.5995107
                  27.872                      -5.4225242
                 27.8877                      -5.2538821
                 27.9034                      -5.0932382
                 27.9191                      -4.9402386
                 27.9348                       -4.794527
                 27.9505                       -4.655749
                 27.9662                      -4.5235557
                 27.9819                      -4.3976067
                 27.9976                       -4.277572
                 28.0133                      -4.1631336
                  28.029                      -4.0539863
                 28.0447                      -3.9498389
                 28.0604                      -3.8504139
                 28.0761                      -3.7554483
                 28.0918                      -3.6646927
                 28.1075                      -3.5779118
                 28.1232                      -3.4948835
                 28.1389                      -3.4153986
                 28.1546                      -3.3392605
                 28.1703                      -3.2662842
                  28.186                       -3.196296
                 28.2017                      -3.1291329
                 28.2174                      -3.0646421
                 28.2331                      -3.0026799
                 28.2488                      -2.9431119
                 28.2645                      -2.8858119
                 28.2802                      -2.8306615
                 28.2959                      -2.7775497
                 28.3116                      -2.7263723
                 28.3273                      -2.6770317
                  28.343                      -2.6294359
                 28.3587                       -2.583499
                 28.3744                      -2.5391399
                 28.3901                      -2.4962825
                 28.4058                      -2.4548554
                 28.4215                      -2.4147912
                 28.4372                      -2.3760265
                 28.4529                      -2.3385017
                 28.4686                      -2.3021606
                 28.4843                      -2.2669501
                    28.5                      -2.2328204

