        Frequency / GHz                SZmax(1),Zmax(1)/abs,dB
----------------------------------------------------------------------
                       1                  -0.00074117719
                   1.049                   -0.0006506475
                   1.098                  -0.00057359294
                   1.147                  -0.00050972156
                   1.196                  -0.00045876115
                   1.245                   -0.0004204597
                   1.294                  -0.00039458589
                   1.343                  -0.00038092967
                   1.392                  -0.00037930293
                   1.441                  -0.00038954017
                    1.49                   -0.0004114993
                   1.539                  -0.00044506248
                   1.588                   -0.0004901371
                   1.637                  -0.00054665681
                   1.686                  -0.00061458272
                   1.735                  -0.00069390464
                   1.784                  -0.00078464249
                   1.833                  -0.00088684794
                   1.882                    -0.001000606
                   1.931                   -0.0011260372
                    1.98                   -0.0012632993
                   2.029                   -0.0014125899
                   2.078                    -0.001574149
                   2.127                   -0.0017482618
                   2.176                   -0.0019352619
                   2.225                   -0.0021355345
                   2.274                   -0.0023495209
                   2.323                   -0.0025777223
                   2.372                   -0.0028207047
                   2.421                   -0.0030791042
                    2.47                   -0.0033536332
                   2.519                   -0.0036450865
                   2.568                   -0.0039543491
                   2.617                   -0.0042824042
                   2.666                   -0.0046303426
                   2.715                   -0.0049993726
                   2.764                   -0.0053908319
                   2.813                   -0.0058062004
                   2.862                   -0.0062471151
                   2.911                   -0.0067153859
                    2.96                   -0.0072130146
                   3.009                   -0.0077422158
                   3.058                   -0.0083054405
                   3.107                    -0.008905403
                   3.156                   -0.0095451114
                   3.205                    -0.010227902
                   3.254                    -0.010957481
                   3.303                    -0.011737966
                   3.352                    -0.012573942
                   3.401                    -0.013470518
                    3.45                    -0.014433399
                   3.499                     -0.01546896
                   3.548                    -0.016584343
                   3.597                    -0.017787561
                   3.646                    -0.019087622
                   3.695                    -0.020494672
                   3.744                    -0.022020165
                   3.793                    -0.023677061
                   3.842                    -0.025480058
                   3.891                    -0.027445868
                    3.94                    -0.029593541
                   3.989                    -0.031944857
                   4.038                    -0.034524784
                   4.087                    -0.037362039
                   4.136                    -0.040489749
                   4.185                    -0.043946268
                   4.234                    -0.047776151
                   4.283                    -0.052031358
                   4.332                    -0.056772719
                   4.381                    -0.062071751
                    4.43                    -0.068012905
                   4.479                     -0.07469637
                   4.528                    -0.082241594
                   4.577                    -0.090791737
                   4.626                     -0.10051933
                   4.675                     -0.11163352
                   4.724                     -0.12438948
                   4.773                     -0.13910058
                   4.822                     -0.15615445
                   4.871                     -0.17603429
                    4.92                     -0.19934734
                   4.969                     -0.22686348
                   5.018                     -0.25956809
                   5.067                      -0.2987352
                   5.116                     -0.34603016
                   5.165                     -0.40365551
                   5.214                     -0.47456128
                   5.263                     -0.56275256
                   5.312                     -0.67374609
                   5.361                     -0.81525884
                    5.41                     -0.99826265
                   5.459                      -1.2386248
                   5.508                      -1.5596994
                   5.557                      -1.9964878
                   5.606                      -2.6024517
                   5.655                      -3.4610611
                   5.704                      -4.7068538
                   5.753                       -6.570311
                   5.802                      -9.5040837
                   5.851                       -14.73001
                     5.9                      -30.882249
                   5.949                      -17.744926
                   5.998                      -11.467297
                   6.047                      -8.3039169
                   6.096                      -6.3612646
                   6.145                      -5.0647308
                   6.194                      -4.1560877
                   6.243                      -3.4970656
                   6.292                      -3.0063037
                   6.341                      -2.6330434
                    6.39                      -2.3442887
                   6.439                      -2.1179005
                   6.488                      -1.9386367
                   6.537                      -1.7957759
                   6.586                      -1.6816427
                   6.635                      -1.5906643
                   6.684                      -1.5187549
                   6.733                       -1.462905
                   6.782                      -1.4209039
                   6.831                      -1.3911501
                    6.88                      -1.3725222
                   6.929                      -1.3642919
                   6.978                      -1.3660675
                   7.027                      -1.3777614
                   7.076                      -1.3995775
                   7.125                      -1.4320151
                   7.174                        -1.47589
                   7.223                      -1.5323731
                   7.272                      -1.6030489
                   7.321                      -1.6899958
                    7.37                      -1.7958929
                   7.419                       -1.924156
                   7.468                      -2.0791021
                   7.517                      -2.2661338
                   7.566                      -2.4919132
                   7.615                      -2.7644441
                   7.664                      -3.0928758
                   7.713                       -3.486618
                   7.762                      -3.9529241
                   7.811                      -4.4913686
                    7.86                      -5.0828663
                   7.909                      -5.6719408
                   7.958                      -6.1499424
                   8.007                       -6.369357
                   8.056                      -6.2229129
                   8.105                      -5.7348656
                   8.154                      -5.0443071
                   8.203                       -4.302748
                   8.252                      -3.6087014
                   8.301                      -3.0053457
                    8.35                      -2.5012623
                   8.399                      -2.0886316
                   8.448                      -1.7539243
                   8.497                      -1.4830604
                   8.546                      -1.2634866
                   8.595                      -1.0847585
                   8.644                     -0.93848233
                   8.693                     -0.81802851
                   8.742                      -0.7182018
                   8.791                      -0.6349398
                    8.84                     -0.56506193
                   8.889                     -0.50606967
                   8.938                     -0.45599126
                   8.987                     -0.41326233
                   9.036                     -0.37663473
                   9.085                     -0.34510691
                   9.134                     -0.31787068
                   9.183                     -0.29427041
                   9.232                      -0.2737716
                   9.281                     -0.25593662
                    9.33                     -0.24040581
                   9.379                     -0.22688285
                   9.428                     -0.21512319
                   9.477                     -0.20492509
                   9.526                      -0.1961225
                   9.575                     -0.18857959
                   9.624                     -0.18218641
                   9.673                     -0.17685565
                   9.722                     -0.17252019
                   9.771                     -0.16913146
                    9.82                     -0.16665842
                   9.869                     -0.16508718
                   9.918                     -0.16442138
                   9.967                     -0.16468312
                  10.016                     -0.16591492
                  10.065                     -0.16818248
                  10.114                     -0.17157886
                  10.163                     -0.17623021
                  10.212                      -0.1823038
                  10.261                     -0.19001894
                   10.31                     -0.19966228
                  10.359                     -0.21160903
                  10.408                     -0.22635282
                  10.457                     -0.24454836
                  10.506                     -0.26707306
                  10.555                      -0.2951174
                  10.604                     -0.33031969
                  10.653                      -0.3749702
                  10.702                     -0.43232488
                  10.751                     -0.50709342
                    10.8                     -0.60620208
                  10.849                     -0.73997146
                  10.898                     -0.92384384
                  10.947                      -1.1805174
                  10.996                      -1.5409704
                  11.045                      -2.0378517
                  11.094                       -2.671483
                  11.143                      -3.3193485
                  11.192                      -3.6648533
                  11.241                      -3.4576797
                   11.29                      -2.8755988
                  11.339                      -2.2496705
                  11.388                      -1.7374008
                  11.437                      -1.3566163
                  11.486                      -1.0808592
                  11.535                       -0.880628
                  11.584                     -0.73320304
                  11.633                     -0.62274011
                  11.682                     -0.53848468
                  11.731                     -0.47313736
                   11.78                     -0.42168909
                  11.829                     -0.38064935
                  11.878                     -0.34754509
                  11.927                     -0.32059544
                  11.976                      -0.2984985
                  12.025                     -0.28028981
                  12.074                     -0.26524721
                  12.123                     -0.25282606
                  12.172                     -0.24261479
                  12.221                     -0.23430451
                   12.27                      -0.2276686
                  12.319                     -0.22255002
                  12.368                     -0.21885501
                  12.417                     -0.21655315
                  12.466                     -0.21568468
                  12.515                     -0.21637778
                  12.564                     -0.21888073
                  12.613                     -0.22361838
                  12.662                     -0.23128932
                  12.711                     -0.24303101
                   12.76                     -0.26069065
                  12.809                     -0.28721384
                  12.858                     -0.32692779
                  12.907                      -0.3843857
                  12.956                     -0.45725212
                  13.005                     -0.51948418
                  13.054                     -0.52592422
                  13.103                     -0.47384799
                  13.152                     -0.40675093
                  13.201                     -0.35259123
                   13.25                     -0.31531957
                  13.299                      -0.2910772
                  13.348                     -0.27576067
                  13.397                     -0.26647014
                  13.446                     -0.26134373
                  13.495                     -0.25920997
                  13.544                     -0.25933004
                  13.593                     -0.26123553
                  13.642                     -0.26463052
                  13.691                      -0.2693329
                   13.74                     -0.27523885
                  13.789                     -0.28230149
                  13.838                     -0.29051811
                  13.887                      -0.2999231
                  13.936                     -0.31058474
                  13.985                     -0.32260484
                  14.034                     -0.33612105
                  14.083                     -0.35131147
                  14.132                     -0.36840213
                  14.181                     -0.38767772
                   14.23                     -0.40949671
                  14.279                     -0.43431239
                  14.328                     -0.46270222
                  14.377                     -0.49540903
                  14.426                     -0.53339948
                  14.475                     -0.57794821
                  14.524                     -0.63076011
                  14.573                     -0.69415041
                  14.622                     -0.77131194
                  14.671                     -0.86671291
                   14.72                     -0.98668266
                  14.769                      -1.1402425
                  14.818                      -1.3401649
                  14.867                      -1.6039165
                  14.916                      -1.9530546
                  14.965                      -2.4067932
                  15.014                      -2.9605884
                  15.063                      -3.5432917
                  15.112                      -3.9913813
                  15.161                      -4.1461891
                   15.21                      -4.0244952
                  15.259                      -3.7892285
                  15.308                      -3.5842947
                  15.357                      -3.4769771
                  15.406                      -3.4872054
                  15.455                      -3.6198697
                  15.504                      -3.8812284
                  15.553                      -4.2859308
                  15.602                      -4.8610339
                  15.651                       -5.650447
                    15.7                      -6.7221659
                  15.749                      -8.1814574
                  15.798                       -10.19534
                  15.847                      -13.025346
                  15.896                      -16.850253
                  15.945                      -19.165666
                  15.994                      -16.002477
                  16.043                      -12.428973
                  16.092                      -9.8518146
                  16.141                      -8.0034583
                   16.19                      -6.6427241
                  16.239                      -5.6181671
                  16.288                      -4.8331566
                  16.337                      -4.2234537
                  16.386                      -3.7448959
                  16.435                       -3.366371
                  16.484                      -3.0655722
                  16.533                      -2.8263092
                  16.582                      -2.6367458
                  16.631                      -2.4882173
                   16.68                       -2.374428
                  16.729                      -2.2909038
                  16.778                      -2.2346209
                  16.827                      -2.2037613
                  16.876                      -2.1975554
                  16.925                       -2.216183
                  16.974                      -2.2606967
                  17.023                      -2.3329146
                  17.072                      -2.4351865
                  17.121                      -2.5698544
                   17.17                      -2.7380954
                  17.219                      -2.9376807
                  17.268                      -3.1591922
                  17.317                      -3.3810074
                  17.366                      -3.5658606
                  17.415                      -3.6656679
                  17.464                      -3.6405115
                  17.513                      -3.4835259
                  17.562                      -3.2281736
                  17.611                      -2.9286156
                   17.66                      -2.6332774
                  17.709                      -2.3720547
                  17.758                      -2.1575951
                  17.807                      -1.9918262
                  17.856                      -1.8718133
                  17.905                      -1.7934105
                  17.954                      -1.7531403
                  18.003                      -1.7490538
                  18.052                      -1.7811196
                  18.101                      -1.8514416
                   18.15                      -1.9644228
                  18.199                      -2.1268326
                  18.248                      -2.3475307
                  18.297                       -2.636247
                  18.346                        -3.00025
                  18.395                      -3.4371416
                  18.444                      -3.9225776
                  18.493                      -4.3966596
                  18.542                      -4.7647285
                  18.591                      -4.9340761
                   18.64                       -4.873577
                  18.689                      -4.6336611
                  18.738                      -4.3031293
                  18.787                      -3.9578604
                  18.836                      -3.6424595
                  18.885                      -3.3759136
                  18.934                      -3.1622734
                  18.983                      -2.9979887
                  19.032                      -2.8745198
                  19.081                      -2.7764678
                   19.13                       -2.676846
                  19.179                      -2.5390665
                  19.228                      -2.3439306
                  19.277                      -2.1220387
                  19.326                      -1.9269741
                  19.375                      -1.7840346
                  19.424                      -1.6882806
                  19.473                      -1.6257858
                  19.522                      -1.5847814
                  19.571                      -1.5574853
                   19.62                      -1.5391505
                  19.669                      -1.5269975
                  19.718                      -1.5195646
                  19.767                       -1.516478
                  19.816                      -1.5186144
                  19.865                      -1.5286822
                  19.914                      -1.5521339
                  19.963                      -1.5975226
                  20.012                      -1.6733783
                  20.061                      -1.7783387
                   20.11                      -1.8924163
                  20.159                      -1.9885573
                  20.208                      -2.0546369
                  20.257                      -2.0956134
                  20.306                      -2.1217158
                  20.355                      -2.1411661
                  20.404                      -2.1591702
                  20.453                      -2.1788232
                  20.502                      -2.2018187
                  20.551                      -2.2288521
                    20.6                      -2.2600143
                  20.649                      -2.2951705
                  20.698                      -2.3342037
                  20.747                      -2.3771157
                  20.796                      -2.4240508
                  20.845                      -2.4752976
                  20.894                      -2.5312931
                  20.943                      -2.5926383
                  20.992                      -2.6601283
                  21.041                      -2.7347996
                   21.09                      -2.8180004
                  21.139                      -2.9114917
                  21.188                      -3.0175967
                  21.237                       -3.139421
                  21.286                       -3.281193
                  21.335                      -3.4488017
                  21.384                      -3.6506933
                  21.433                      -3.8994367
                  21.482                      -4.2146148
                  21.531                      -4.6283401
                   21.58                      -5.1952314
                  21.629                      -6.0041774
                  21.678                      -7.1640316
                  21.727                      -8.7433286
                  21.776                       -10.87007
                  21.825                      -13.993757
                  21.874                       -18.27745
                  21.923                      -17.897985
                  21.972                      -13.397345
                  22.021                      -10.293258
                   22.07                      -8.4133705
                  22.119                      -7.3105789
                  22.168                      -6.7129925
                  22.217                      -6.4609454
                  22.266                      -6.4614644
                  22.315                      -6.6617901
                  22.364                       -7.033682
                  22.413                      -7.5639633
                  22.462                      -8.2486852
                  22.511                      -9.0893518
                   22.56                      -10.090319
                  22.609                      -11.257168
                  22.658                      -12.597465
                  22.707                      -14.129803
                  22.756                      -15.911997
                  22.805                      -18.060943
                  22.854                      -20.494614
                  22.903                      -21.969687
                  22.952                      -21.095927
                  23.001                      -19.228316
                   23.05                       -17.52723
                  23.099                      -16.164623
                  23.148                      -15.072357
                  23.197                      -14.161897
                  23.246                      -13.353319
                  23.295                      -12.576141
                  23.344                      -11.774028
                  23.393                      -10.917006
                  23.442                      -10.012704
                  23.491                      -9.1036122
                   23.54                       -8.247573
                  23.589                      -7.4942107
                  23.638                      -6.8716613
                  23.687                      -6.3869052
                  23.736                      -6.0338243
                  23.785                      -5.8021619
                  23.834                      -5.6839994
                  23.883                      -5.6774237
                  23.932                      -5.7881676
                  23.981                       -6.029636
                   24.03                      -6.4204022
                  24.079                      -6.9758767
                  24.128                      -7.6872333
                  24.177                      -8.4793902
                  24.226                      -9.1609129
                  24.275                      -9.4550938
                  24.324                      -9.2095415
                  24.373                       -8.554842
                  24.422                      -7.7443978
                  24.471                      -6.9553221
                   24.52                      -6.2609139
                  24.569                      -5.6752664
                  24.618                      -5.1890872
                  24.667                      -4.7870801
                  24.716                      -4.4547041
                  24.765                      -4.1802839
                  24.814                      -3.9553549
                  24.863                      -3.7744182
                  24.912                       -3.634495
                  24.961                      -3.5344956
                   25.01                      -3.4742112
                  25.059                      -3.4526607
                  25.108                      -3.4657421
                  25.157                      -3.5038832
                  25.206                      -3.5514528
                  25.255                      -3.5897583
                  25.304                      -3.6030583
                  25.353                      -3.5838001
                  25.402                      -3.5334945
                  25.451                      -3.4595373
                    25.5                      -3.3710467
                  25.549                      -3.2760613
                  25.598                      -3.1804761
                  25.647                      -3.0880563
                  25.696                      -3.0008207
                  25.745                      -2.9193562
                  25.794                      -2.8428201
                  25.843                      -2.7685272
                  25.892                      -2.6918297
                  25.941                      -2.6112095
                   25.99                       -2.546291
                  26.039                      -2.5313144
                  26.088                      -2.5617161
                  26.137                      -2.6148852
                  26.186                      -2.6849629
                  26.235                      -2.7763623
                  26.284                      -2.8955272
                  26.333                      -3.0473225
                  26.382                      -3.2312268
                  26.431                      -3.4348322
                   26.48                      -3.6258085
                  26.529                      -3.7510925
                  26.578                      -3.7578869
                  26.627                      -3.6319703
                  26.676                      -3.4128903
                  26.725                      -3.1649315
                  26.774                      -2.9405439
                  26.823                      -2.7685596
                  26.872                      -2.6608755
                  26.921                      -2.6219697
                   26.97                      -2.6544573
                  27.019                      -2.7595028
                  27.068                      -2.9313954
                  27.117                       -3.145922
                  27.166                      -3.3488695
                  27.215                      -3.4651144
                  27.264                        -3.44235
                  27.313                      -3.2908071
                  27.362                      -3.0672395
                  27.411                       -2.829135
                   27.46                      -2.6110087
                  27.509                      -2.4263976
                  27.558                      -2.2771419
                  27.607                      -2.1603562
                  27.656                      -2.0720304
                  27.705                       -2.008532
                  27.754                      -1.9671046
                  27.803                      -1.9459645
                  27.852                      -1.9442721
                  27.901                      -1.9620935
                   27.95                       -2.000401
                  27.999                      -2.0611337
                  28.048                      -2.1473343
                  28.097                      -2.2633784
                  28.146                      -2.4153247
                  28.195                      -2.6114193
                  28.244                      -2.8627991
                  28.293                      -3.1844388
                  28.342                      -3.5963436
                  28.391                      -4.1248355
                   28.44                      -4.8032653
                  28.489                      -5.6699005
                  28.538                      -6.7559684
                  28.587                      -8.0436293
                  28.636                      -9.3516116
                  28.685                      -10.176331
                  28.734                      -9.9523885
                  28.783                      -8.8420434
                  28.832                      -7.4892434
                  28.881                       -6.286819
                   28.93                      -5.3433114
                  28.979                      -4.6497078
                  29.028                       -4.165188
                  29.077                      -3.8460566
                  29.126                      -3.6532103
                  29.175                      -3.5528205
                  29.224                      -3.5154621
                  29.273                      -3.5154624
                  29.322                      -3.5308532
                  29.371                       -3.543635
                   29.42                      -3.5397519
                  29.469                      -3.5082409
                  29.518                      -3.4397332
                  29.567                      -3.3268969
                  29.616                       -3.174051
                  29.665                      -3.0149899
                  29.714                      -2.8969079
                  29.763                      -2.8284325
                  29.812                      -2.7857564
                  29.861                      -2.7500234
                   29.91                      -2.7149826
                  29.959                      -2.6806943
                  30.008                      -2.6490686
                  30.057                      -2.6221993
                  30.106                      -2.6019444
                  30.155                      -2.5899136
                  30.204                       -2.587554
                  30.253                      -2.5962322
                  30.302                      -2.6172754
                  30.351                       -2.651941
                    30.4                      -2.7012663
                  30.449                      -2.7657171
                  30.498                      -2.8445061
                  30.547                      -2.9344294
                  30.596                      -3.0281718
                  30.645                      -3.1124966
                  30.694                      -3.1678151
                  30.743                       -3.171846
                  30.792                       -3.108955
                  30.841                      -2.9807809
                   30.89                      -2.8081509
                  30.939                      -2.6204046
                  30.988                      -2.4414215
                  31.037                      -2.2832793
                  31.086                      -2.1486312
                  31.135                      -2.0362479
                  31.184                      -1.9449803
                  31.233                      -1.8749279
                  31.282                      -1.8269535
                  31.331                      -1.8019924
                   31.38                      -1.8007952
                  31.429                      -1.8240529
                  31.478                      -1.8726479
                  31.527                      -1.9478462
                  31.576                      -2.0513371
                  31.625                      -2.1850628
                  31.674                      -2.3507549
                  31.723                      -2.5490675
                  31.772                      -2.7781978
                  31.821                      -3.0320275
                   31.87                      -3.2982115
                  31.919                      -3.5573132
                  31.968                       -3.784651
                  32.017                      -3.9559301
                  32.066                       -4.055208
                  32.115                      -4.0808242
                  32.164                      -4.0453231
                  32.213                      -3.9697903
                  32.262                      -3.8767748
                  32.311                      -3.7854998
                   32.36                      -3.7102667
                  32.409                      -3.6610561
                  32.458                       -3.645056
                  32.507                      -3.6683409
                  32.556                      -3.7374037
                  32.605                      -3.8604549
                  32.654                      -4.0483107
                  32.703                      -4.3141949
                  32.752                      -4.6707091
                  32.801                      -5.1207718
                   32.85                      -5.6398812
                  32.899                       -6.156415
                  32.948                      -6.5575346
                  32.997                       -6.746592
                  33.046                      -6.7091374
                  33.095                      -6.5074733
                  33.144                      -6.2209705
                  33.193                      -5.9060688
                  33.242                      -5.5922462
                  33.291                      -5.2918829
                   33.34                      -5.0092426
                  33.389                      -4.7455431
                  33.438                      -4.5012015
                  33.487                      -4.2766203
                  33.536                      -4.0723606
                  33.585                      -3.8891241
                  33.634                      -3.7277172
                  33.683                        -3.58906
                  33.732                      -3.4742473
                  33.781                      -3.3846611
                   33.83                      -3.3221272
                  33.879                       -3.289118
                  33.928                      -3.2890094
                  33.977                       -3.326404
                  34.026                      -3.4075379
                  34.075                      -3.5407831
                  34.124                      -3.7372375
                  34.173                      -4.0113299
                  34.222                      -4.3812059
                  34.271                      -4.8682768
                   34.32                      -5.4944239
                  34.369                      -6.2734317
                  34.418                      -7.1897348
                  34.467                      -8.1552818
                  34.516                      -8.9553994
                  34.565                      -9.2815091
                  34.614                      -8.9717919
                  34.663                      -8.1934151
                  34.712                      -7.2456248
                  34.761                      -6.3304404
                   34.81                      -5.5290871
                  34.859                      -4.8553961
                  34.908                      -4.2958408
                  34.957                      -3.8285327
                  35.006                      -3.4307592
                  35.055                      -3.0820631
                  35.104                      -2.7665743
                  35.153                      -2.4758087
                  35.202                      -2.2103042
                  35.251                      -1.9769863
                    35.3                      -1.7826261
                  35.349                      -1.6287027
                  35.398                      -1.5112461
                  35.447                      -1.4236756
                  35.496                      -1.3593188
                  35.545                      -1.3124621
                  35.594                      -1.2783832
                  35.643                      -1.2530572
                  35.692                      -1.2329541
                  35.741                      -1.2150621
                   35.79                      -1.1970599
                  35.839                      -1.1774683
                  35.888                      -1.1556476
                  35.937                      -1.1316263
                  35.986                      -1.1058445
                  36.035                      -1.0789107
                  36.084                      -1.0514314
                  36.133                      -1.0239207
                  36.182                     -0.99677216
                  36.231                     -0.97026845
                   36.28                     -0.94461014
                  36.329                     -0.91995458
                  36.378                     -0.89646315
                  36.427                     -0.87436113
                  36.476                     -0.85401951
                  36.525                     -0.83606786
                  36.574                     -0.82153328
                  36.623                     -0.81194231
                  36.672                     -0.80918029
                  36.721                     -0.81472045
                   36.77                     -0.82804721
                  36.819                     -0.84537885
                  36.868                     -0.86090399
                  36.917                     -0.87027495
                  36.966                     -0.87265533
                  37.015                     -0.86975874
                  37.064                     -0.86397901
                  37.113                     -0.85733193
                  37.162                     -0.85122944
                  37.211                     -0.84659876
                   37.26                     -0.84404478
                  37.309                     -0.84395308
                  37.358                     -0.84651218
                  37.407                      -0.8516519
                  37.456                     -0.85889725
                  37.505                     -0.86715838
                  37.554                     -0.87453893
                  37.603                      -0.8783493
                  37.652                     -0.87557001
                  37.701                     -0.86383042
                   37.75                     -0.84248596
                  37.799                     -0.81303056
                  37.848                     -0.77847281
                  37.897                     -0.74215139
                  37.946                     -0.70678434
                  37.995                     -0.67411932
                  38.044                     -0.64504696
                  38.093                     -0.61988963
                  38.142                     -0.59867515
                  38.191                     -0.58133031
                   38.24                      -0.5677972
                  38.289                     -0.55809545
                  38.338                     -0.55235151
                  38.387                     -0.55080848
                  38.436                     -0.55382187
                  38.485                      -0.5618398
                  38.534                     -0.57535845
                  38.583                     -0.59483354
                  38.632                     -0.62051688
                  38.681                     -0.65217555
                   38.73                     -0.68865863
                  38.779                     -0.72734322
                  38.828                     -0.76368193
                  38.877                      -0.7913873
                  38.926                     -0.80392961
                  38.975                     -0.79734152
                  39.024                     -0.77275513
                  39.073                     -0.73644591
                  39.122                     -0.69712038
                  39.171                     -0.66267111
                   39.22                       -0.638474
                  39.269                     -0.62735017
                  39.318                     -0.63011202
                  39.367                      -0.6456264
                  39.416                     -0.66984894
                  39.465                     -0.69443601
                  39.514                     -0.70776996
                  39.563                     -0.70124149
                  39.612                     -0.67602646
                  39.661                     -0.64123419
                   39.71                     -0.60612182
                  39.759                      -0.5757657
                  39.808                     -0.55154495
                  39.857                     -0.53296989
                  39.906                     -0.51895812
                  39.955                     -0.50841702
                  40.004                     -0.50043419
                  40.053                      -0.4943031
                  40.102                     -0.48949447
                  40.151                     -0.48561746
                    40.2                     -0.48238482
                  40.249                     -0.47958555
                  40.298                     -0.47706443
                  40.347                     -0.47470697
                  40.396                     -0.47242857
                  40.445                     -0.47016653
                  40.494                     -0.46787432
                  40.543                     -0.46551732
                  40.592                      -0.4630697
                  40.641                     -0.46051209
                   40.69                     -0.45782985
                  40.739                     -0.45501172
                  40.788                     -0.45204887
                  40.837                     -0.44893409
                  40.886                      -0.4456612
                  40.935                      -0.4422246
                  40.984                     -0.43861888
                  41.033                     -0.43483858
                  41.082                     -0.43087793
                  41.131                     -0.42673071
                   41.18                     -0.42239016
                  41.229                     -0.41784897
                  41.278                     -0.41309934
                  41.327                     -0.40813318
                  41.376                     -0.40294251
                  41.425                     -0.39752008
                  41.474                     -0.39186035
                  41.523                     -0.38596102
                  41.572                      -0.3798252
                  41.621                     -0.37346455
                   41.67                     -0.36690364
                  41.719                      -0.3601858
                  41.768                     -0.35338051
                  41.817                     -0.34659232
                  41.866                     -0.33997009
                  41.915                     -0.33371456
                  41.964                     -0.32808032
                  42.013                     -0.32336622
                  42.062                     -0.31988843
                  42.111                     -0.31793233
                   42.16                     -0.31768844
                  42.209                     -0.31918879
                  42.258                     -0.32226938
                  42.307                      -0.3265807
                  42.356                     -0.33164908
                  42.405                     -0.33696766
                  42.454                     -0.34208324
                  42.503                     -0.34665274
                  42.552                     -0.35046136
                  42.601                     -0.35341065
                   42.65                     -0.35549108
                  42.699                     -0.35675172
                  42.748                     -0.35727421
                  42.797                     -0.35715374
                  42.846                     -0.35648679
                  42.895                     -0.35536402
                  42.944                     -0.35386693
                  42.993                     -0.35206673
                  43.042                     -0.35002456
                  43.091                     -0.34779232
                   43.14                     -0.34541384
                  43.189                     -0.34292606
                  43.238                     -0.34036012
                  43.287                     -0.33774239
                  43.336                     -0.33509527
                  43.385                     -0.33243797
                  43.434                     -0.32978707
                  43.483                     -0.32715702
                  43.532                     -0.32456056
                  43.581                     -0.32200904
                   43.63                     -0.31951268
                  43.679                     -0.31708083
                  43.728                     -0.31472211
                  43.777                     -0.31244457
                  43.826                     -0.31025581
                  43.875                     -0.30816309
                  43.924                     -0.30617339
                  43.973                     -0.30429347
                  44.022                     -0.30252996
                  44.071                     -0.30088937
                   44.12                     -0.29937811
                  44.169                     -0.29800258
                  44.218                      -0.2967691
                  44.267                     -0.29568402
                  44.316                     -0.29475365
                  44.365                     -0.29398431
                  44.414                     -0.29338235
                  44.463                     -0.29295409
                  44.512                     -0.29270586
                  44.561                     -0.29264399
                   44.61                     -0.29277479
                  44.659                     -0.29310454
                  44.708                     -0.29363949
                  44.757                     -0.29438583
                  44.806                     -0.29534967
                  44.855                     -0.29653704
                  44.904                     -0.29795385
                  44.953                     -0.29960589
                  45.002                     -0.30149877
                  45.051                     -0.30363797
                    45.1                     -0.30602877
                  45.149                     -0.30867623
                  45.198                     -0.31158523
                  45.247                     -0.31476042
                  45.296                     -0.31820625
                  45.345                     -0.32192698
                  45.394                     -0.32592674
                  45.443                     -0.33020953
                  45.492                     -0.33477934
                  45.541                     -0.33964024
                   45.59                     -0.34479654
                  45.639                     -0.35025295
                  45.688                     -0.35601485
                  45.737                      -0.3620886
                  45.786                      -0.3684819
                  45.835                     -0.37520429
                  45.884                     -0.38226777
                  45.933                      -0.3896874
                  45.982                     -0.39748222
                  46.031                     -0.40567607
                   46.08                     -0.41429861
                  46.129                     -0.42338618
                  46.178                     -0.43298248
                  46.227                     -0.44313848
                  46.276                     -0.45391108
                  46.325                     -0.46535903
                  46.374                     -0.47753449
                  46.423                     -0.49046689
                  46.472                     -0.50413526
                  46.521                     -0.51842461
                   46.57                     -0.53306423
                  46.619                     -0.54755481
                  46.668                     -0.56111074
                  46.717                     -0.57267146
                  46.766                     -0.58105036
                  46.815                     -0.58524618
                  46.864                     -0.58481892
                  46.913                     -0.58011376
                  46.962                     -0.57216234
                  47.011                     -0.56231423
                   47.06                     -0.55183084
                  47.109                     -0.54163856
                  47.158                     -0.53227781
                  47.207                      -0.5239741
                  47.256                     -0.51674557
                  47.305                     -0.51049713
                  47.354                     -0.50508561
                  47.403                     -0.50035852
                  47.452                     -0.49617406
                  47.501                     -0.49240963
                   47.55                     -0.48896399
                  47.599                     -0.48575632
                  47.648                     -0.48272387
                  47.697                     -0.47981932
                  47.746                     -0.47700815
                  47.795                     -0.47426633
                  47.844                     -0.47157828
                  47.893                     -0.46893526
                  47.942                      -0.4663339
                  47.991                     -0.46377517
                   48.04                     -0.46126334
                  48.089                     -0.45880533
                  48.138                     -0.45641002
                  48.187                     -0.45408777
                  48.236                     -0.45185006
                  48.285                     -0.44970909
                  48.334                     -0.44767756
                  48.383                     -0.44576849
                  48.432                     -0.44399497
                  48.481                     -0.44237012
                   48.53                     -0.44090696
                  48.579                     -0.43961831
                  48.628                      -0.4385168
                  48.677                      -0.4376148
                  48.726                     -0.43692442
                  48.775                     -0.43645753
                  48.824                     -0.43622573
                  48.873                     -0.43624041
                  48.922                      -0.4365128
                  48.971                     -0.43705395
                   49.02                     -0.43787484
                  49.069                     -0.43898639
                  49.118                     -0.44039956
                  49.167                     -0.44212539
                  49.216                     -0.44417507
                  49.265                     -0.44656004
                  49.314                     -0.44929203
                  49.363                     -0.45238317
                  49.412                     -0.45584605
                  49.461                     -0.45969384
                   49.51                     -0.46394033
                  49.559                     -0.46860004
                  49.608                     -0.47368829
                  49.657                     -0.47922128
                  49.706                     -0.48521613
                  49.755                     -0.49169097
                  49.804                     -0.49866497
                  49.853                     -0.50615832
                  49.902                      -0.5141923
                  49.951                     -0.52278917
                      50                     -0.53197215

